         1         0       1842Ê
         1         0        292Ê
         1         0        312Ê
         1         0        123Ê
         1         0        513Ê
         1         0       1023Ê
         1         0        134Ê
         1         0        144Ê
         1         0        154Ê
         1         0        572Ê
         1         0       3782Ê
         1         0       8592Ê
         1         0       1853Ê
         1         0        303Ê
         1         0        373Ê
         1         0        524Ê
         1         0       1424Ê
         1         0       1954Ê
         1         0       8752Ê
         1         0        563Ê
         1         0        663Ê
         1         0        953Ê
         1         0       4624Ê
         1         0       4973Ê
         1         0       8583Ê
         1         0       8763Ê
         1         0       8793Ê
         1         0       8803Ê
         1         0       486        -1
         2         0        121Ê
         2         0        152Ê
         2         0       1842Ê
         2         0       8582Ê
         2         0        513Ê
         2         0       1023Ê
         2         0       2023Ê
         2         0        144Ê
         2         0        524Ê
         2         0       3804Ê
         2         0       7461Ê
         2         0       8592Ê
         2         0       9482Ê
         2         0       2853Ê
         2         0       3903Ê
         2         0       3913Ê
         2         0       4424Ê
         2         0       4973Ê
         2         0       6433Ê
         2         0       8563Ê
         2         0       8573Ê
         2         0       8773Ê
         2         0       8643Ê
         2         0       6583Ê
         2         0       486        -1
         3         0         53Ê
         3         0         63Ê
         3         0        903Ê
         3         0        913Ê
         3         0       1193Ê
         3         0       1443Ê
         3         0       1813Ê
         3         0       3993Ê
         3         0       485        -1
         4         0       2363Ê
         4         0       1663Ê
         4         0       488        -1
         5         0       5521Ê
         5         0       4013Ê
         5         0      12973Ê
         5         0      12961Ê
         5         0       488        -1
         6         0        992Ê
         6         0       1153Ê
         6         0       2573Ê
         6         0       2583Ê
         6         0       491        -1
         7         0        202Ê
         7         0        563Ê
         7         0        573Ê
         7         0        583Ê
         7         0        194Ê
         7         0       492        -1
         8         0        481Ê
         8         0       1221Ê
         8         0        203Ê
         8         0        583Ê
         8         0       1963Ê
         8         0       3541Ê
         8         0       3601Ê
         8         0       1973Ê
         8         0       9993Ê
         8         0      11123Ê
         8         0      10051Ê
         8         0       492        -1
         9         0        212Ê
         9         0        222Ê
         9         0       5502Ê
         9         0       534        -1
        10         0       2592Ê
        10         0       4052Ê
        10         0       3023Ê
        10         0       4363Ê
        10         0       4373Ê
        10         0       4383Ê
        10         0       9983Ê
        10         0      10113Ê
        10         0       493        -1
        11         0        273Ê
        11         0        283Ê
        11         0       2623Ê
        11         0       1604Ê
        11         0        204Ê
        11         0       2633Ê
        11         0       6544Ê
        11         0       495        -1
        12         0        862Ê
        12         0       1942Ê
        12         0       6502Ê
        12         0       6494Ê
        12         0       6522Ê
        12         0       624        -1
        13         0        642Ê
        13         0       2652Ê
        13         0        654Ê
        13         0       3114Ê
        13         0       496        -1
        14         0        641Ê
        14         0        654Ê
        14         0       496        -1
        15         0       4631Ê
        15         0       4623Ê
        15         0       497        -1
        16         0       2662Ê
        16         0       1063Ê
        16         0       1963Ê
        16         0       498        -1
        17         0       1062Ê
        17         0       1963Ê
        17         0       498        -1
        18         0       1962Ê
        18         0       1972Ê
        18         0       1982Ê
        18         0       498        -1
        19         0        322Ê
        19         0        672Ê
        19         0       1642Ê
        19         0       6393Ê
        19         0       7153Ê
        19         0       7163Ê
        19         0       7194Ê
        19         0      13794Ê
        19         0       7173Ê
        19         0       499-1Ê
        20         0        873Ê
        20         0        883Ê
        20         0       1043Ê
        20         0       2673Ê
        20         0       2683Ê
        20         0       2693Ê
        20         0       2703Ê
        20         0       4073Ê
        20         0       4083Ê
        20         0       500        -1
        21         0       2711Ê
        21         0        162Ê
        21         0       4132Ê
        21         0       4143Ê
        21         0       502        -1
        22         0        681Ê
        22         0       502        -1
        23         0       9001Ê
        23         0       9021Ê
        23         0       2002Ê
        23         0       2012Ê
        23         0       6012Ê
        23         0       8993Ê
        23         0       9033Ê
        23         0       5933Ê
        23         0       1994Ê
        23         0       5944Ê
        23         0       9012Ê
        23         0       5442Ê
        23         0       5972Ê
        23         0       7493Ê
        23         0       9173Ê
        23         0       9193Ê
        23         0      13334Ê
        23         0       6342Ê
        23         0       6872Ê
        23         0       6982Ê
        23         0      12903Ê
        23         0       7002Ê
        23         0       7042Ê
        23         0       7052Ê
        23         0      11092Ê
        23         0      11122Ê
        23         0      11412Ê
        23         0      11972Ê
        23         0      12562Ê
        23         0      12592Ê
        23         0      12722Ê
        23         0      12892Ê
        23         0       892        -1
        24         0        462Ê
        24         0        472Ê
        24         0        923Ê
        24         0       756        -1
        25         0       2132Ê
        25         0       2123Ê
        25         0       2143Ê
        25         0       2153Ê
        25         0       2163Ê
        25         0       2763Ê
        25         0       2773Ê
        25         0       4263Ê
        25         0       4273Ê
        25         0       511        -1
        26         0       1451Ê
        26         0       6111Ê
        26         0       3762Ê
        26         0       4062Ê
        26         0       5652Ê
        26         0      10762Ê
        26         0       511        -1
        27         0       2242Ê
        27         0       2783Ê
        27         0       4283Ê
        27         0       512        -1
        28         0       2243Ê
        28         0       2793Ê
        28         0       512        -1
        29         0       2502Ê
        29         0       5142Ê
        29         0       6092Ê
        29         0       2253Ê
        29         0       7933Ê
        29         0       4644Ê
        29         0       4654Ê
        29         0       6122Ê
        29         0       4664Ê
        29         0       513        -1
        30         0       2252Ê
        30         0       4642Ê
        30         0       5142Ê
        30         0       4663Ê
        30         0       6093Ê
        30         0       6123Ê
        30         0       7934Ê
        30         0       513        -1
        31         0       7764Ê
        31         0       751        -1
        32         0       4652Ê
        32         0       2493Ê
        32         0       7773Ê
        32         0       7783Ê
        32         0       2474Ê
        32         0       2504Ê
        32         0       752        -1
        33         0       2523Ê
        33         0       4313Ê
        33         0       1414Ê
        33         0       516        -1
        34         0       2521Ê
        34         0       4313Ê
        34         0       6723Ê
        34         0       7143Ê
        34         0       7993Ê
        34         0       8003Ê
        34         0       516        -1
        35         0       1661Ê
        35         0       1671Ê
        35         0       1323Ê
        35         0       517        -1
        36         0       1692Ê
        36         0       1683Ê
        36         0       518        -1
        37         0       1732Ê
        37         0       1882Ê
        37         0       1723Ê
        37         0        973Ê
        37         0       1213Ê
        37         0       1873Ê
        37         0       2423Ê
        37         0       4093Ê
        37         0       4873Ê
        37         0       519        -1
        38         0        242Ê
        38         0       2832Ê
        38         0       5522Ê
        38         0       2723Ê
        38         0       5574Ê
        38         0       5584Ê
        38         0       5532Ê
        38         0       5542Ê
        38         0       5552Ê
        38         0       5562Ê
        38         0       536        -1
        39         0       2721Ê
        39         0       5551Ê
        39         0        242Ê
        39         0       2832Ê
        39         0       5522Ê
        39         0        793Ê
        39         0       2073Ê
        39         0       4183Ê
        39         0       5574Ê
        39         0       5542Ê
        39         0       5562Ê
        39         0       5053Ê
        39         0      12573Ê
        39         0       536        -1
        40         0        242Ê
        40         0       2832Ê
        40         0       5522Ê
        40         0       2723Ê
        40         085Ê       3Ê
        40         0       9763Ê
        40         0       5574Ê
        40         0       5584Ê
        40         0       5532Ê
        40         0       5542Ê
        40         0       5552Ê
        40         0       5562Ê
        40         0       536        -1
        41         0       2881Ê
        41         0       2891Ê
        41         0       4332Ê
        41         0       520        -1
        42         0       4682Ê
        42         0       4673Ê
        42         0       4693Ê
        42         0       4703Ê
        42         0       7754Ê
        42         0       521        -1
        43         0       4671Ê
        43         0       4681Ê
        43         0        393Ê
        43         0       5033Ê
        43         0       7753Ê
        43         0       4691Ê
        43         0       521        -1
        44         0       3023Ê
        44         0       4363Ê
        44         0       4374Ê
        44         0       524        -1
        45         0       3052Ê
        45         0       5702Ê
        45         0       3083Ê
        45         0       4813Ê
        45         0       3383Ê
        45         0      12264Ê
        45         0      13554Ê
        45         0      11853Ê
        45         0       6293Ê
        45         0       6633Ê
        45         0       7983Ê
        45         0       5723Ê
        45         0       525        -1
        46         0       3052Ê
        46         0       3383Ê
        46         0       3443Ê
        46         0       4813Ê
        46         0        844Ê
        46         0       1234Ê
        46         0      11854Ê
        46         0       6233Ê
        46         0       5703Ê
        46         0       7983Ê
        46         0      12264Ê
        46         0       6294Ê
        46         0       6634Ê
        46         0       5724Ê
        46         0      13554Ê
        46         0       525        -1
        47         0       3042Ê
        47         0       3062Ê
        47         0       3072Ê
        47         0       3053Ê
        47         0       6293Ê
        47         0       6633Ê
        47         0       3084Ê
        47         0       3092Ê
        47         0       3102Ê
        47         0       5702Ê
        47         0       7983Ê
        47         0      11853Ê
        47         0      13553Ê
        47         0       5722Ê
        47         0       525        -1
        48         0       4392Ê
        48         0       3113Ê
        48         0       3163Ê
        48         0       4403Ê
        48         0       1874Ê
        48         0       3144Ê
        48         0       3154Ê
        48         0       7973Ê
        48         0       7983Ê
        48         0       7944Ê
        48         0       2654Ê
        48         0       526        -1
        49         0       3203Ê
        49         0       4784Ê
        49         0       527        -1
        50         0       3262Ê
        50         0       6292Ê
        50         0        214Ê
        50         0        944Ê
        50         0        224Ê
        50         0       3064Ê
        50         0       528        -1
        51         0        941Ê
        51         0        232Ê
        51         0       1052Ê
        51         0       3812Ê
        51         0       1923Ê
        51         0       3264Ê
        51         0        634Ê
        51         0       4942Ê
        51         0       6292Ê
        51         0       2614Ê
        51         0       528        -1
        52         0        212Ê
        52         0        222Ê
        52         0       3062Ê
        52         0       3264Ê
        52         0       528        -1
        53         0       2963Ê
        53         0        333Ê
        53         0       4464Ê
        53         0       4474Ê
        53         0       4484Ê
        53         0       4494Ê
        53         0       2084Ê
        53         0       2974Ê
        53         0       2984Ê
        53         0       2994Ê
        53         0       531        -1
        54         0        842Ê
        54         0        243Ê
        54         0       1013Ê
        54         0       2943Ê
        54         0       6284Ê
        54         0       6614Ê
        54         0       3643Ê
        54         0       3653Ê
        54         0       5603Ê
        54         0       123        -1
        55         0        162Ê
        55         0       3752Ê
        55         0       4602Ê
        55         0       3783Ê
        55         0       2553Ê
        55         0       2713Ê
        55         0       3764Ê
        55         0       3774Ê
        55         0       5622Ê
        55         0       5023Ê
        55         0       538        -1
        56         0       380         2
        56         0       7493Ê
        56         0      13393Ê
        56         0        144Ê
        56         0       7054Ê
        56         0       7794Ê
        56         0       7804Ê
        56         0       3794Ê
        56         0       6434Ê
        56         0       6864Ê
        56         0       753        -1
        57         0       3802Ê
        57         0       5933Ê
        57         0       7463Ê
        57         0       9143Ê
        57         0        144Ê
        57         0       3794Ê
        57         0       7054Ê
        57         0       7794Ê
        57         0       7804Ê
        57         0       7044Ê
        57         0        124Ê
        57         0        154Ê
        57         0       8574Ê
        57         0       8594Ê
        57         0       753        -1
        58         0       7882Ê
        58         0       7853Ê
        58         0       7863Ê
        58         0       7873Ê
        58         0        234Ê
        58         0       3814Ê
        58         0       3824Ê
        58         0       7844Ê
        58         0       7894Ê
        58         0       754        -1
        59         0       7882Ê
        59         0       7853Ê
        59         0       7863Ê
        59         0       7873Ê
        59         0       754        -1
        60         0       4752Ê
        60         0       4763Ê
        60         0       5273Ê
        60         0       3204Ê
        60         0       4784Ê
        60         0       322        -1
        61         0       5652Ê
        61         0       5662Ê
        61         0       5643Ê
        61         0      11593Ê
        61         0       6614Ê
        61         0       539        -1
        62         0       5661Ê
        62         0       5672Ê
        62         0      10842Ê
        62         0      10783Ê
        62         0      10813Ê
        62         0       539        -1
        63         0       5671Ê
        63         0       5643Ê
        63         0       5663Ê
        63         0       539        -1
        64         0       3901Ê
        64         0       3912Ê
        64         0       627        -1
        65         0         22Ê
        65         0         32Ê
        65         0       1282Ê
        65         0       1803Ê
        65         0       3233Ê
        65         0       3243Ê
        65         0       4184Ê
        65         0       6642Ê
        65         0       6292Ê
        65         0       3933Ê
        65         0       3943Ê
        65         0       6593Ê
        65         0         43Ê
        65         0       3843Ê
        65         0      13023Ê
        65         0       388        -1
        66         0       6642Ê
        66         0       6292Ê
        66         0       1803Ê
        66         0       6593Ê
        66         0       6603Ê
        66         0       388        -1
        67         0         21Ê
        67         0         31Ê
        67         0       6642Ê
        67         0       6292Ê
        67         0       3233Ê
        67         0       3243Ê
        67         0       3933Ê
        67         0       1281Ê
        67         0       1801Ê
        67         0       3943Ê
        67         0       6593Ê
        67         0       3893Ê
        67         0         43Ê
        67         0      13023Ê
        67         0       388        -1
        68         0       6622Ê
        68         0       1013Ê
        68         0       4603Ê
        68         0       6613Ê
        68         0        623Ê
        68         0       628        -1
        69         0       4582Ê
        69         0       5702Ê
        69         0       9773Ê
        69         0        623Ê
        69         0       3364Ê
        69         0       540        -1
        70         0       3331Ê
        70         0       5682Ê
        70         0       5702Ê
        70         0        622Ê
        70         0       1013Ê
        70         0       2833Ê
        70         0       5653Ê
        70         0        244Ê
        70         0       9773Ê
        70         0       3073Ê
        70         0       540        -1
        71         0       5691Ê
        71         0       5711Ê
        71         0      13552Ê
        71         0       1013Ê
        71         0       6553Ê
        71         0      12133Ê
        71         0       7984Ê
        71         0       5721Ê
        71         0       540        -1
        72         0        212Ê
        72         0       3242Ê
        72         0       6302Ê
        72         0        943Ê
        72         0       6643Ê
        72         0       3043Ê
        72         0       1284Ê
        72         0       3234Ê
        72         0       6634Ê
        72         0       5703Ê
        72         0       4943Ê
        72         0       3054Ê
        72         0       3094Ê
        72         0       5714Ê
        72         0       6554Ê
        72         0       3884Ê
        72         0        624Ê
        72         0       629        -1
        73         0       3322Ê
        73         0       5722Ê
        73         0       5782Ê
        73         0       5733Ê
        73         0       5743Ê
        73         0       4213Ê
        73         0        254Ê
        73         0       3174Ê
        73         0       5774Ê
        73         0       4012Ê
        73         0       6252Ê
        73         0       1603Ê
        73         0      12133Ê
        73         0      13043Ê
        73         0      11984Ê
        73         0       6554Ê
        73         0      13554Ê
        73         0        683Ê
        73         0       5713Ê
        73         0      12523Ê
        73         0       541        -1
        74         0       5762Ê
        74         0       6562Ê
        74         0       5753Ê
        74         0       3174Ê
        74         0       5744Ê
        74         0       5784Ê
        74         0       541        -1
        75         0       6672Ê
        75         0       3243Ê
        75         0       3783Ê
        75         0       6663Ê
        75         0       6703Ê
        75         0       630        -1
        76         0       3782Ê
        76         0       6672Ê
        76         0       3243Ê
        76         0       6663Ê
        76         0       6703Ê
        76         0      13913Ê
        76         0       3293Ê
        76         0       630        -1
        77         0       6682Ê
        77         0       6663Ê
        77         0       6673Ê
        77         0       6703Ê
        77         0       3294Ê
        77         0      13914Ê
        77         0       630        -1
        78         0       5882Ê
        78         0       5893Ê
        78         0       5903Ê
        78         0       543        -1
        79         0       5973Ê
        79         0       5983Ê
        79         0       6884Ê
        79         0       7084Ê
        79         0       7134Ê
        79         0       544        -1
        80         0       5941Ê
        80         0       5971Ê
        80         0       5963Ê
        80         0       5983Ê
        80         0       544        -1
        81         0       6721Ê
        81         0       7994Ê
        81         0       631        -1
        82         0       6762Ê
        82         0       6772Ê
        82         0       6783Ê
        82         0       6793Ê
        82         0       2053Ê
        82         0       632        -1
        83         0       6802Ê
        83         0       6812Ê
        83         0       6822Ê
        83         0       6832Ê
        83         0       633        -1
        84         0       6062Ê
        84         0       4062Ê
        84         0       6083Ê
        84         0       1423Ê
        84         0       2943Ê
        84         0       3544Ê
        84         0       5224Ê
        84         0       9623Ê
        84         0      11923Ê
        84         0      12133Ê
        84         0       8734Ê
        84         0       546        -1
        85         0       6081Ê
        85         0       4062Ê
        85         0       6063Ê
        85         0       7103Ê
        85         0       546        -1
        86         0       5943Ê
        86         0       7903Ê
        86         0       755        -1
        87         0       6062Ê
        87         0       6112Ê
        87         0       5623Ê
        87         0        504Ê
        87         0       2364Ê
        87         0       6094Ê
        87         0       6124Ê
        87         0       4064Ê
        87         0       547        -1
        88         0       6132Ê
        88         0       6142Ê
        88         0       6152Ê
        88         0       6163Ê
        88         0       6173Ê
        88         0       6184Ê
        88         0       548        -1
        89         0       7932Ê
        89         0       7942Ê
        89         0       7973Ê
        89         0       7954Ê
        89         0       7964Ê
        89         0       4204Ê
        89         0       757        -1
        90         0       7942Ê
        90         0       7972Ê
        90         0       7982Ê
        90         0       7933Ê
        90         0       7963Ê
        90         0       2913Ê
        90         0       8004Ê
        90         0      11874Ê
        90         0       2562Ê
        90         0       3113Ê
        90         0       3353Ê
        90         0      13643Ê
        90         0      13674Ê
        90         0       757        -1
        91         0       2522Ê
        91         0       8012Ê
        91         0       7973Ê
        91         0       7993Ê
        91         0       8003Ê
        91         0       7934Ê
        91         0       7944Ê
        91         0      11543Ê
        91         0       6724Ê
        91         0       757        -1
        92         0       8022Ê
        92         0       8032Ê
        92         0       8083Ê
        92         0       8093Ê
        92         0       8113Ê
        92         0       8044Ê
        92         0       8054Ê
        92         0       8064Ê
        92         0       2533Ê
        92         0      12473Ê
        92         0       8074Ê
        92         0       8104Ê
        92         0      12434Ê
        92         0       758        -1
        93         0       6913Ê
        93         0       635        -1
        94         0        241Ê
        94         0       2833Ê
        94         0       2943Ê
        94         0       5593Ê
        94         0       6894Ê
        94         0       6904Ê
        94         0       1014Ê
        94         0      13933Ê
        94         0       3544Ê
        94         0      11044Ê
        94         0      11614Ê
        94         0      13954Ê
        94         0       635        -1
        95         0       2831Ê
        95         0       6624Ê
        95         0       635        -1
        96         0       7033Ê
        96         0       7043Ê
        96         0       7053Ê
        96         0       6984Ê
        96         0       6994Ê
        96         0       7004Ê
        96         0      12893Ê
        96         0       7793Ê
        96         0       7014Ê
        96         0       7024Ê
        96         0       7064Ê
        96         0       7924Ê
        96         0      13394Ê
        96         0       637        -1
        97         0       6993Ê
        97         0       7003Ê
        97         0       7013Ê
        97         0       6984Ê
        97         0      12894Ê
        97         0       7023Ê
        97         0       7033Ê
        97         0       7793Ê
        97         0      13394Ê
        97         0       6813Ê
        97         0       637        -1
        98         0       7132Ê
        98         0       7084Ê
        98         0       7094Ê
        98         0       7114Ê
        98         0       7124Ê
        98         0       638        -1
        99         0       7172Ê
        99         0       7192Ê
        99         0      10013Ê
        99         0      13793Ê
        99         0       639        -1
       100         0       8212Ê
       100         0       8222Ê
       100         0       8242Ê
       100         0       8203Ê
       100         0       8233Ê
       100         0       8253Ê
       100         0      11222Ê
       100         0      10513Ê
       100         0      11213Ê
       100         0       760        -1
       101         0       8172Ê
       101         0       8182Ê
       101         0       8192Ê
       101         0       8203Ê
       101         0       8253Ê
       101         0       8242Ê
       101         0       760        -1
       102         0       7281Ê
       102         0       9132Ê
       102         0       9103Ê
       102         0       9114Ê
       102         0       729        -1
       103         0       8263Ê
       103         0       8283Ê
       103         0       761        -1
       104         0       8333Ê
       104         0       8343Ê
       104         0       8353Ê
       104         0       8363Ê
       104         0       8373Ê
       104         0       762        -1
       105         0       8483Ê
       105         0       8444Ê
       105         0       8454Ê
       105         0       8464Ê
       105         0       8474Ê
       105         0       764        -1
       106         0       8472Ê
       106         0       8463Ê
       106         0       8493Ê
       106         0       8444Ê
       106         0       8454Ê
       106         0       764        -1
       107         0       7252Ê
       107         0       728         2
       107         0       7293Ê
       107         0       9113Ê
       107         0       7204Ê
       107         0        754Ê
       107         0       9094Ê
       107         0       640        -1
       108         0       7242Ê
       108         0       7262Ê
       108         0       7272Ê
       108         0        753Ê
       108         0       9093Ê
       108         0       7204Ê
       108         0       7234Ê
       108         0       640        -1
       109         0       8601Ê
       109         0       8611Ê
       109         0       6063Ê
       109         0       9803Ê
       109         0        123Ê
       109         0       766        -1
       110         0       8621Ê
       110         0       8631Ê
       110         0        313Ê
       110         0      11744Ê
       110         0       766        -1
       111         0        152Ê
       111         0       3912Ê
       111         0       8642Ê
       111         0       9143Ê
       111         0       3923Ê
       111         0       6273Ê
       111         0       6583Ê
       111         0       894        -1
       112         0       7313Ê
       112         0       7304Ê
       112         0       641        -1
       113         0       7463Ê
       113         0       7483Ê
       113         0       7493Ê
       113         0       2653Ê
       113         0       643        -1
       114         0       9191Ê
       114         0       9162Ê
       114         0       9203Ê
       114         0       9213Ê
       114         0       895        -1
       115         0        512Ê
       115         0       1852Ê
       115         0       8783Ê
       115         0       8744Ê
       115         0       184        -1
       116         0       9221Ê
       116         0       3603Ê
       116         0       6053Ê
       116         0       9273Ê
       116         0       4924Ê
       116         0       896        -1
       117         0       3602Ê
       117         0       6053Ê
       117         0       896        -1
       118         0       9232Ê
       118         0       9243Ê
       118         0       9253Ê
       118         0       896        -1
       119         0       9264Ê
       119         0       897        -1
       120         0       8292Ê
       120         0       8872Ê
       120         0       8902Ê
       120         0       8853Ê
       120         0       8863Ê
       120         0       8883Ê
       120         0       8894Ê
       120         0      11462Ê
       120         0       8913Ê
       120         0       769        -1
       121         0       8851Ê
       121         0       8861Ê
       121         0      11462Ê
       121         0       8871Ê
       121         0       8881Ê
       121         0       8901Ê
       121         0       8911Ê
       121         0       769        -1
       122         0       9314Ê
       122         0       9322Ê
       122         0       9344Ê
       122         0       9354Ê
       122         0       9362Ê
       122         0       9372Ê
       122         0       9382Ê
       122         0       9573Ê
       122         0      11313Ê
       122         0       898        -1
       123         0       9662Ê
       123         0       9673Ê
       123         0       941        -1
       124         0       9672Ê
       124         0       9682Ê
       124         0       9643Ê
       124         0       9653Ê
       124         0       941        -1
       125         0       9692Ê
       125         0       9702Ê
       125         0       9712Ê
       125         0       1873Ê
       125         0       9733Ê
       125         0       1733Ê
       125         0       9744Ê
       125         0       1774Ê
       125         0       9722Ê
       125         0       1742Ê
       125         0       9972Ê
       125         0       1763Ê
       125         0       4093Ê
       125         0       9463Ê
       125         0       9923Ê
       125         0       9943Ê
       125         0       9953Ê
       125         0       942        -1
       126         0       9742Ê
       126         0      13262Ê
       126         0       1873Ê
       126         0       9693Ê
       126         0       9703Ê
       126         0       9713Ê
       126         0       9723Ê
       126         0       9733Ê
       126         0       942        -1
       127         0       1012Ê
       127         0       1642Ê
       127         0       9813Ê
       127         0       9824Ê
       127         0       9834Ê
       127         0       944        -1
       128         0       9853Ê
       128         0       9903Ê
       128         0       945        -1
       129         0       9852Ê
       129         0       9872Ê
       129         0       9843Ê
       129         0       9883Ê
       129         0       9893Ê
       129         0       9864Ê
       129         0       9903Ê
       129         0       945        -1
       130         0       7662Ê
       130         0       8583Ê
       130         0       8593Ê
       130         0      10083Ê
       130         0        123Ê
       130         0       948        -1
       131         0      10142Ê
       131         0      10202Ê
       131         0      10133Ê
       131         0      10163Ê
       131         0      10173Ê
       131         0      10124Ê
       131         0      10183Ê
       131         0      10193Ê
       131         0       950        -1
       132         0      10141Ê
       132         0      10133Ê
       132         0      10153Ê
       132         0      10163Ê
       132         0      10124Ê
       132         0      10184Ê
       132         0      10194Ê
       132         0      10173Ê
       132         0       9513Ê
       132         0      10233Ê
       132         0      10204Ê
       132         0       9524Ê
       132         0      10244Ê
       132         0      10253Ê
       132         0      10263Ê
       132         0       950        -1
       133         0      10201Ê
       133         0      10182Ê
       133         0      10192Ê
       133         0      10243Ê
       133         0      10124Ê
       133         0      10164Ê
       133         0      10224Ê
       133         0       950        -1
       134         0      10272Ê
       134         0      10283Ê
       134         0       951        -1
       135         0      10181Ê
       135         0      10174Ê
       135         0      10234Ê
       135         0      10244Ê
       135         0      10254Ê
       135         0      10264Ê
       135         0       9504Ê
       135         0      10164Ê
       135         0       951        -1
       136         0      10211Ê
       136         0      10224Ê
       136         0      10344Ê
       136         0       951        -1
       137         0      10292Ê
       137         0      10343Ê
       137         0       9513Ê
       137         0      10213Ê
       137         0       952        -1
       138         0       8461Ê
       138         0      10361Ê
       138         0       953        -1
       139         0      10312Ê
       139         0      10322Ê
       139         0      10352Ê
       139         0      10374Ê
       139         0       953        -1
       140         0      10381Ê
       140         0      10391Ê
       140         0      10412Ê
       140         0      10422Ê
       140         0      10434Ê
       140         0      10444Ê
       140         0       954        -1
       141         0      10381Ê
       141         0      10411Ê
       141         0      10432Ê
       141         0      10442Ê
       141         0      10393Ê
       141         0      10423Ê
       141         0       954        -1
       142         0      10421Ê
       142         0       954        -1
       143         0      10431Ê
       143         0      10441Ê
       143         0       954        -1
       144         0       8402Ê
       144         0      10452Ê
       144         0       7633Ê
       144         0       8383Ê
       144         0       8393Ê
       144         0       8413Ê
       144         0       955        -1
       145         0       7632Ê
       145         0       8382Ê
       145         0       8392Ê
       145         0      10453Ê
       145         0       7433Ê
       145         0       8524Ê
       145         0       8412Ê
       145         0       955        -1
       146         0       8401Ê
       146         0      10453Ê
       146         0       955        -1
       147         0       8893Ê
       147         0      10463Ê
       147         0      10483Ê
       147         0      10474Ê
       147         0      10494Ê
       147         0      10514Ê
       147         0      10503Ê
       147         0       8433Ê
       147         0       9264Ê
       147         0       8224Ê
       147         0       956        -1
       148         0       8892Ê
       148         0      10482Ê
       148         0      10502Ê
       148         0      10463Ê
       148         0      10493Ê
       148         0       8433Ê
       148         0       956        -1
       149         0      10573Ê
       149         0      10583Ê
       149         0      10593Ê
       149         0      10524Ê
       149         0       9303Ê
       149         0       9313Ê
       149         0       9343Ê
       149         0       9363Ê
       149         0       9373Ê
       149         0       9383Ê
       149         0      11313Ê
       149         0       957        -1
       150         0      10743Ê
       150         0      10753Ê
       150         0      1062        -1
       151         0       6872Ê
       151         0      10762Ê
       151         0      10743Ê
       151         0      10754Ê
       151         0      10774Ê
       151         0      1062        -1
       152         0      10761Ê
       152         0      10773Ê
       152         0       5693Ê
       152         0       5723Ê
       152         0       6874Ê
       152         0       6553Ê
       152         0      1062        -1
       153         0      10783Ê
       153         0      10833Ê
       153         0      10843Ê
       153         0      10804Ê
       153         0      10814Ê
       153         0      10824Ê
       153         0      10853Ê
       153         0      1063        -1
       154         0      10872Ê
       154         0      10883Ê
       154         0      1063        -1
       155         0      11031Ê
       155         0      11002Ê
       155         0       9833Ê
       155         0      11013Ê
       155         0      11043Ê
       155         0      10994Ê
       155         0      1065        -1
       156         0       9831Ê
       156         0      11021Ê
       156         0      10972Ê
       156         0      11002Ê
       156         0       2742Ê
       156         0      10963Ê
       156         0      10983Ê
       156         0      10993Ê
       156         0      11034Ê
       156         0       9824Ê
       156         0      11041Ê
       156         0       5532Ê
       156         0      11013Ê
       156         0        823Ê
       156         0      1065        -1
       157         0       2732Ê
       157         0      11052Ê
       157         0      11062Ê
       157         0        933Ê
       157         0       1613Ê
       157         0       3023Ê
       157         0       1224Ê
       157         0       6664Ê
       157         0      11072Ê
       157         0       5562Ê
       157         0        252Ê
       157         0      10113Ê
       157         0        193Ê
       157         0        353Ê
       157         0      13554Ê
       157         0       3722Ê
       157         0       4102Ê
       157         0       4562Ê
       157         0        363Ê
       157         0        443Ê
       157         0       2153Ê
       157         0       6262Ê
       157         0      11512Ê
       157         0       3543Ê
       157         0       3693Ê
       157         0       3703Ê
       157         0       4213Ê
       157         0       5573Ê
       157         0       6053Ê
       157         0       6553Ê
       157         0       6573Ê
       157         0       6893Ê
       157         0      13073Ê
       157         0       3183Ê
       157         0       4233Ê
       157         0      13043Ê
       157         0       1603Ê
       157         0       4823Ê
       157         0       5723Ê
       157         0      1006        -1
       158         0       3021Ê
       158         0      10111Ê
       158         0       5522Ê
       158         0       9983Ê
       158         0      10093Ê
       158         0      10103Ê
       158         0       2734Ê
       158         0       5564Ê
       158         0      1006        -1
       159         0       2343Ê
       159         0      11083Ê
       159         0      11103Ê
       159         0      11144Ê
       159         0      11154Ê
       159         0      11113Ê
       159         0      11123Ê
       159         0       2313Ê
       159         0      1066        -1
       160         0      11343Ê
       160         0      11373Ê
       160         0      11383Ê
       160         0      11354Ê
       160         0      11364Ê
       160         0      1071        -1
       161         0        542Ê
       161         0      13862Ê
       161         0       5623Ê
       161         0       3363Ê
       161         0        554Ê
       161         0       9964Ê
       161         0       489        -1
       162         0       1111Ê
       162         0       1551Ê
       162         0       4602Ê
       162         0       4612Ê
       162         0        543Ê
       162         0       5623Ê
       162         0       4581Ê
       162         0       4591Ê
       162         0       489        -1
       163         0        203Ê
       163         0        563Ê
       163         0        573Ê
       163         0       492        -1
       164         0       3112Ê
       164         0       4153Ê
       164         0       4163Ê
       164         0       7983Ê
       164         0       3164Ê
       164         0       3354Ê
       164         0      13643Ê
       164         0      13673Ê
       164         0       503        -1
       165         0        711Ê
       165         0        721Ê
       165         0       504        -1
       166         0        402Ê
       166         0        412Ê
       166         0        742Ê
       166         0       2072Ê
       166         0       2722Ê
       166         0       4182Ê
       166         0       1702Ê
       166         0      12642Ê
       166         0       504        -1
       167         0       2742Ê
       167         0        823Ê
       167         0       509        -1
       168         0       2171Ê
       168         0       7741Ê
       168         0       750        -1
       169         0       1181Ê
       169         0       1571Ê
       169         0       7741Ê
       169         0       7751Ê
       169         0       750        -1
       170         0       1392Ê
       170         0       2382Ê
       170         0       2393Ê
       170         0       9043Ê
       170         0       9063Ê
       170         0       6723Ê
       170         0       893        -1
       171         0       2521Ê
       171         0       4311Ê
       171         0       1414Ê
       171         0       516        -1
       172         0       3201Ê
       172         0       3211Ê
       172         0       3223Ê
       172         0       4763Ê
       172         0       527        -1
       173         0       3671Ê
       173         0       4511Ê
       173         0       532        -1
       174         0        581Ê
       174         0       4111Ê
       174         0        362Ê
       174         0       4234Ê
       174         0       4821Ê
       174         0       533        -1
       175         0       3512Ê
       175         0       9662Ê
       175         0       9672Ê
       175         0       9643Ê
       175         0       9653Ê
       175         0       941        -1
       176         0       5821Ê
       176         0       5831Ê
       176         0       5843Ê
       176         0       5853Ê
       176         0       9784Ê
       176         0       5861Ê
       176         0       9821Ê
       176         0       542        -1
       177         0       5882Ê
       177         0       5892Ê
       177         0       5923Ê
       177         0       7723Ê
       177         0       5904Ê
       177         0       543        -1
       178         0       5911Ê
       178         0       5903Ê
       178         0       5884Ê
       178         0       5894Ê
       178         0       543        -1
       179         0       6803Ê
       179         0       6813Ê
       179         0       6823Ê
       179         0       6833Ê
       179         0       633        -1
       180         0       6222Ê
       180         0       6193Ê
       180         0       6203Ê
       180         0       6213Ê
       180         0       6174Ê
       180         0       6164Ê
       180         0      11504Ê
       180         0       548        -1
       181         0       9732Ê
       181         0       9742Ê
       181         0       4092Ê
       181         0       9973Ê
       181         0      10613Ê
       181         0       942        -1
       182         0       6851Ê
       182         0       6863Ê
       182         0       634        -1
       183         0       8031Ê
       183         0       8081Ê
       183         0       8022Ê
       183         0       8073Ê
       183         0       8113Ê
       183         0       2533Ê
       183         0       8044Ê
       183         0       8054Ê
       183         0       8064Ê
       183         0       8091Ê
       183         0       8104Ê
       183         0      12434Ê
       183         0      12474Ê
       183         0       758        -1
       184         0        323Ê
       184         0        673Ê
       184         0       7153Ê
       184         0       7174Ê
       184         0       7163Ê
       184         0       4993Ê
       184         0      13793Ê
       184         0       639        -1
       185         0       8582Ê
       185         0       8592Ê
       185         0       8572Ê
       185         0      10083Ê
       185         0       8563Ê
       185         0        154Ê
       185         0       2854Ê
       185         0       8944Ê
       185         0       7662Ê
       185         0       948        -1
       186         0      13093Ê
       186         0      13783Ê
       186         0       9233Ê
       186         0       1614Ê
       186         0       4214Ê
       186         0      13774Ê
       186         0       9243Ê
       186         0      10623Ê
       186         0      10743Ê
       186         0      13794Ê
       186         0      13804Ê
       186         0      10753Ê
       186         0       2253Ê
       186         0      12803Ê
       186         0      13053Ê
       186         0      13043Ê
       186         0      1188        -1
       187         0       8383Ê
       187         0       8393Ê
       187         0       8403Ê
       187         0       7434Ê
       187         0       8423Ê
       187         0      10453Ê
       187         0       763        -1
       188         0       7212Ê
       188         0       7222Ê
       188         0       7232Ê
       188         0        753Ê
       188         0       9093Ê
       188         0       7244Ê
       188         0       7264Ê
       188         0       7252Ê
       188         0       7282Ê
       188         0       7292Ê
       188         0       9112Ê
       188         0       640        -1
       189         0       3952Ê
       189         0       8662Ê
       189         0       8692Ê
       189         0       8653Ê
       189         0       8683Ê
       189         0       8703Ê
       189         0       8674Ê
       189         0       8723Ê
       189         0       8733Ê
       189         0       767        -1
       190         0        151Ê
       190         0       3911Ê
       190         0       2852Ê
       190         0       3903Ê
       190         0       8643Ê
       190         0       894        -1
       191         0       9141Ê
       191         0       9151Ê
       191         0       2852Ê
       191         0       8572Ê
       191         0       8582Ê
       191         0        153Ê
       191         0       3913Ê
       191         0       8563Ê
       191         0       3904Ê
       191         0      10084Ê
       191         0       9483Ê
       191         0       8643Ê
       191         0       6583Ê
       191         0       894        -1
       192         0       7331Ê
       192         0       7341Ê
       192         0       7351Ê
       192         0       7361Ê
       192         0       641        -1
       193         0       7303Ê
       193         0       4223Ê
       193         0       6483Ê
       193         0       7314Ê
       193         0       7334Ê
       193         0       7344Ê
       193         0      13923Ê
       193         0       7354Ê
       193         0       7364Ê
       193         0       641        -1
       194         0       7392Ê
       194         0       7402Ê
       194         0       7422Ê
       194         0       7443Ê
       194         0       7414Ê
       194         0       7432Ê
       194         0       642        -1
       195         0       7393Ê
       195         0       7423Ê
       195         0       7433Ê
       195         0       642        -1
       196         0        512Ê
       196         0       1852Ê
       196         0       8742Ê
       196         0       8783Ê
       196         0       8793Ê
       196         0       8803Ê
       196         0        124Ê
       196         0       8752Ê
       196         0       8762Ê
       196         0       2023Ê
       196         0       7463Ê
       196         0        133Ê
       196         0       184        -1
       197         0       8812Ê
       197         0       8833Ê
       197         0       8843Ê
       197         0       768        -1
       198         0       8872Ê
       198         0       8882Ê
       198         0       8892Ê
       198         0       8433Ê
       198         0       769        -1
       199         0      10521Ê
       199         0      10531Ê
       199         0      10542Ê
       199         0      10552Ê
       199         0      10562Ê
       199         0      10602Ê
       199         0       7432Ê
       199         0       7442Ê
       199         0       957        -1
       200         0      11342Ê
       200         0      11372Ê
       200         0      11382Ê
       200         0      1071        -1
       201         0       5522Ê
       201         0       6252Ê
       201         0      12962Ê
       201         0        933Ê
       201         0      11513Ê
       201         0       4013Ê
       201         0       1104Ê
       201         0      13914Ê
       201         0       4234Ê
       201         0       5413Ê
       201         0      12953Ê
       201         0       3183Ê
       201         0      13044Ê
       201         0       1604Ê
       201         0       3694Ê
       201         0       4824Ê
       201         0      1140        -1
       202         0      13032Ê
       202         0      13042Ê
       202         0      13092Ê
       202         0      13063Ê
       202         0      13083Ê
       202         0       6053Ê
       202         0       6024Ê
       202         0       6034Ê
       202         0       6044Ê
       202         0      11102Ê
       202         0      13054Ê
       202         0      13104Ê
       202         0        484Ê
       202         0       2324Ê
       202         0      1285        -1
       203         0        583Ê
       203         0      13053Ê
       203         0      13063Ê
       203         0       6024Ê
       203         0       6034Ê
       203         0       6044Ê
       203         0      13073Ê
       203         0      13103Ê
       203         0        193Ê
       203         0       2324Ê
       203         0       3234Ê
       203         0       6884Ê
       203         0       1223Ê
       203         0      11884Ê
       203         0      1285        -1
       204         0       5722Ê
       204         0      13112Ê
       204         0        633Ê
       204         0       5403Ê
       204         0       6024Ê
       204         0       6034Ê
       204         0       6044Ê
       204         0      13054Ê
       204         0      11884Ê
       204         0       3074Ê
       204         0      12134Ê
       204         0       6554Ê
       204         0      13554Ê
       204         0        684Ê
       204         0      1285        -1
       205         0      13212Ê
       205         0      13222Ê
       205         0      1287        -1
       206         0      13382Ê
       206         0      13412Ê
       206         0      13403Ê
       206         0      1290        -1
       207         0      13382Ê
       207         0      13392Ê
       207         0      13403Ê
       207         0      13413Ê
       207         0       8794Ê
       207         0      1290        -1
       208         0       1633Ê
       208         0      13443Ê
       208         0      13453Ê
       208         0       1644Ê
       208         0      13474Ê
       208         0      13463Ê
       208         0      1291        -1
       209         0      13512Ê
       209         0      13562Ê
       209         0      13503Ê
       209         0       1873Ê
       209         0       4873Ê
       209         0        454Ê
       209         0        554Ê
       209         0       3164Ê
       209         0      13833Ê
       209         0      13853Ê
       209         0      11064Ê
       209         0      12284Ê
       209         0      1292        -1
       210         0      11712Ê
       210         0       8913Ê
       210         0      11723Ê
       210         0      11733Ê
       210         0      10304Ê
       210         0      11743Ê
       210         0      1145        -1
       211         0       8912Ê
       211         0      11722Ê
       211         0      11733Ê
       211         0      11743Ê
       211         0       7633Ê
       211         0       7694Ê
       211         0      10304Ê
       211         0      10314Ê
       211         0      10334Ê
       211         0      10524Ê
       211         0      10684Ê
       211         0      1145        -1
       212         0       8882Ê
       212         0       8892Ê
       212         0      11782Ê
       212         0       8853Ê
       212         0       8873Ê
       212         0       8863Ê
       212         0       8414Ê
       212         0      11764Ê
       212         0      11774Ê
       212         0       8903Ê
       212         0       7693Ê
       212         0       8913Ê
       212         0      11733Ê
       212         0       8433Ê
       212         0      1146        -1
       213         0       8881Ê
       213         0       8852Ê
       213         0       8872Ê
       213         0       8892Ê
       213         0      11783Ê
       213         0       7693Ê
       213         0      11733Ê
       213         0      11774Ê
       213         0       8863Ê
       213         0       8903Ê
       213         0       8433Ê
       213         0      1146        -1
       214         0       8333Ê
       214         0      13613Ê
       214         0      13623Ê
       214         0      13633Ê
       214         0      1294        -1
       215         0        374Ê
       215         0        354Ê
       215         0       535        -1
       216         0       1561Ê
       216         0       506        -1
       217         0       6661Ê
       217         0       6671Ê
       217         0      12582Ê
       217         0      13942Ê
       217         0       6683Ê
       217         0       6703Ê
       217         0      12043Ê
       217         0      13914Ê
       217         0      13951Ê
       217         0      13003Ê
       217         0        373Ê
       217         0       5593Ê
       217         0       6303Ê
       217         0      11073Ê
       217         0      12133Ê
       217         0      1191        -1
       218         0        241Ê
       218         0       1011Ê
       218         0       6663Ê
       218         0       6673Ê
       218         0        933Ê
       218         0      12584Ê
       218         0      13931Ê
       218         0       5593Ê
       218         0       6303Ê
       218         0       6623Ê
       218         0      11043Ê
       218         0      11073Ê
       218         0      12043Ê
       218         0      12133Ê
       218         0      13003Ê
       218         0      1191        -1
       219         0      13911Ê
       219         0       6662Ê
       219         0       6672Ê
       219         0      12582Ê
       219         0      10783Ê
       219         0      10803Ê
       219         0      10813Ê
       219         0      13942Ê
       219         0      13952Ê
       219         0      12143Ê
       219         0      11983Ê
       219         0      12043Ê
       219         0      13003Ê
       219         0       5593Ê
       219         0       6303Ê
       219         0       6623Ê
       219         0      11073Ê
       219         0      12133Ê
       219         0      1191        -1
       220         0      13832Ê
       220         0      13852Ê
       220         0       1553Ê
       220         0       2413Ê
       220         0      13823Ê
       220         0      13704Ê
       220         0      13864Ê
       220         0       1114Ê
       220         0      13843Ê
       220         0       1503Ê
       220         0       2923Ê
       220         0       4584Ê
       220         0       4794Ê
       220         0       9774Ê
       220         0       3763Ê
       220         0       4593Ê
       220         0      13653Ê
       220         0        623Ê
       220         0      13663Ê
       220         0      1182        -1
       221         0       1552Ê
       221         0      13832Ê
       221         0      13852Ê
       221         0      13823Ê
       221         0        623Ê
       221         0       2923Ê
       221         0       2414Ê
       221         0      13704Ê
       221         0      13844Ê
       221         0       4583Ê
       221         0       4593Ê
       221         0       4613Ê
       221         0      13864Ê
       221         0      13653Ê
       221         0      13663Ê
       221         0       1113Ê
       221         0       1503Ê
       221         0       4793Ê
       221         0      1182        -1
       222         0       4003Ê
       222         0       4193Ê
       222         0      13873Ê
       222         0       4124Ê
       222         0      13924Ê
       222         0      13984Ê
       222         0      13973Ê
       222         0      14003Ê
       222         0      13994Ê
       222         0      1396        -1
       223         0       4003Ê
       223         0      13873Ê
       223         0      13923Ê
       223         0      13983Ê
       223         0      1396        -1
       224         0       6563Ê
       224         0      13133Ê
       224         0      13173Ê
       224         0      13164Ê
       224         0      13183Ê
       224         0      13193Ê
       224         0      11573Ê
       224         0      12743Ê
       224         0      1286        -1
       225         0      13792Ê
       225         0      13052Ê
       225         0      13042Ê
       225         0        403Ê
       225         0       2933Ê
       225         0      13093Ê
       225         0       1614Ê
       225         0       4214Ê
       225         0      13774Ê
       225         0      13783Ê
       225         0      13813Ê
       225         0       2253Ê
       225         0      13804Ê
       225         0       4483Ê
       225         0       4493Ê
       225         0      11243Ê
       225         0      12803Ê
       225         0       4333Ê
       225         0       9233Ê
       225         0       9243Ê
       225         0      10623Ê
       225         0      10743Ê
       225         0      10753Ê
       225         0      12133Ê
       225         0      1188        -1
